=== Representacion Digital ===
Filas: 762
Columnas: 1024
Canales: 1
Profundidad: 0

=== Modelado Gaussiano ===
Media: 59.1263
Desviacion: 47.6508

=== Comparacion tras Filtro Gaussiano ===
Desviacion original:  47.6508
Desviacion suavizada: 46.0618
Reduccion de varianza: 6.55825%

=== Kernel Gaussiano 5x5 (sigma=1.0) ===
[0.002969016743950498, 0.01330620989101366, 0.02193823127971465, 0.01330620989101366, 0.002969016743950498;
 0.01330620989101366, 0.05963429543618016, 0.0983203313488458, 0.05963429543618016, 0.01330620989101366;
 0.02193823127971465, 0.0983203313488458, 0.1621028216371267, 0.0983203313488458, 0.02193823127971465;
 0.01330620989101366, 0.05963429543618016, 0.0983203313488458, 0.05963429543618016, 0.01330620989101366;
 0.002969016743950498, 0.01330620989101366, 0.02193823127971465, 0.01330620989101366, 0.002969016743950498]
Suma del kernel: 1
Valor central:  0.162103

=== Kernel sigma=0.5 ===
[6.962478188799073e-08, 2.808864175426694e-05, 0.0002075485496650442, 2.808864175426694e-05, 6.962478188799073e-08;
 2.808864175426694e-05, 0.01133176685377357, 0.08373106098253581, 0.01133176685377357, 2.808864175426694e-05;
 0.0002075485496650442, 0.08373106098253581, 0.6186935068229403, 0.08373106098253581, 0.0002075485496650442;
 2.808864175426694e-05, 0.01133176685377357, 0.08373106098253581, 0.01133176685377357, 2.808864175426694e-05;
 6.962478188799073e-08, 2.808864175426694e-05, 0.0002075485496650442, 2.808864175426694e-05, 6.962478188799073e-08]
=== Kernel sigma=3.0 ===
[0.03175640102872467, 0.0375157550304212, 0.03965894550828666, 0.0375157550304212, 0.03175640102872467;
 0.0375157550304212, 0.04431962785170482, 0.04685150823948568, 0.04431962785170482, 0.0375157550304212;
 0.03965894550828666, 0.04685150823948568, 0.04952802924382314, 0.04685150823948568, 0.03965894550828666;
 0.0375157550304212, 0.04431962785170482, 0.04685150823948568, 0.04431962785170482, 0.0375157550304212;
 0.03175640102872467, 0.0375157550304212, 0.03965894550828666, 0.0375157550304212, 0.03175640102872467]

Presione cualquier tecla para cerrar...
